starts_x: [1.50000,0.75000,-0.75000,-1.50000,-0.75000,0.75000]
starts_y: [0.00000,1.29904,1.29904,0.00000,-1.29904,-1.29904]
starts_z: [1.5, 1.0, 1.5, 1.0, 1.5, 1.0]
goals_x: [-1.50000,-0.75000,0.75000,1.50000,0.75000,-0.75000]
goals_y: [0.00000,-1.29904,-1.29904,-0.00000,1.29904,1.29904]
goals_z: [1.0, 1.5, 1.0, 1.5, 1.0, 1.5]