starts_x: [3.00000,2.29813,0.52094,-1.50000,-2.81908,-2.81908,-1.50000,0.52094,2.29813]
starts_y: [0.00000,1.92836,2.95442,2.59808,1.02606,-1.02606,-2.59808,-2.95442,-1.92836]
starts_z: [1.2, 1.3, 1.0, 1.5, 1.1, 1.2, 1.0, 1.3, 1.0]
goals_x: [-3.00000,-2.29813,-0.52094,1.50000,2.81908,2.81908,1.50000,-0.52094,-2.29813]
goals_y: [0.00000,-1.92836,-2.95442,-2.59808,-1.02606,1.02606,2.59808,2.95442,1.92836]
goals_z: [1.2, 1.0, 1.0, 1.5, 1.2, 1.3, 1.0, 1.0, 1.02]